0.010101010101010102
[78104.94807613 78133.49431481 78133.49431481 78161.93064529
 78161.93064529 78171.19255695 78171.19255695 78218.55587308
 78218.55587308 78237.43703778 78246.99220355 78246.99220355
 78284.8003539  78284.8003539  78313.23668438 78313.23668438
 78332.16367003 78360.6000005  78360.6000005  78389.03633098]
Eigenvalues (sorted): [78104.94807613 78133.49431481 78133.49431481 78161.93064529
 78161.93064529 78171.19255695 78171.19255695 78218.55587308
 78218.55587308 78237.43703778 78246.99220355 78246.99220355
 78284.8003539  78284.8003539  78313.23668438 78313.23668438
 78332.16367003 78360.6000005  78360.6000005  78389.03633098]

real    0m5.061s
user    0m6.934s
sys     0m4.315s